logreg	rfscore	vorffip	meta-ppisp
0.958152	0.568305	0.59	0.28
0.963028	0.560567	0.78	0.548
0.522846	0.520856	0.73	0.502
0.287317	0.107108	0.41	0.34
0.999588	0.567832	0.6	0.356
0.795033	0.197922	0.48	0.0
1.0	0.700975	0.75	0.622
0.483555	0.314062	0.51	0.643
0.162235	0.186638	0.86	0.567
0.009724	0.079747	0.79	0.0
0.200825	0.271464	0.64	0.58
0.292284	0.307986	0.71	0.613
0.966525	0.541424	0.65	0.531
0.638344	0.198845	0.67	0.35
0.999967	0.630244	0.67	0.442
0.741131	0.210223	0.67	0.625
0.999958	0.566057	0.62	0.651
0.999077	0.422735	0.75	0.597
0.999978	0.539839	0.71	0.658
1.0	0.615782	0.74	0.67
0.998144	0.360839	0.76	0.614
0.972118	0.296926	0.46	0.665
0.274061	0.231756	0.28	0.43
0.054612	0.150667	0.39	0.637
0.797011	0.267597	0.6	0.321
0.989739	0.464642	0.72	0.546
0.996802	0.565626	0.77	0.434
0.080736	0.08843	0.39	0.0
0.503301	0.294319	0.63	0.449
0.183176	0.347382	0.34	0.309
0.039832	0.063935	0.22	0.195
0.092023	0.098738	0.22	0.189
0.12122	0.089474	0.63	0.304
0.952945	0.300422	0.75	0.532
0.876134	0.278991	0.76	0.511
0.702069	0.541901	0.81	0.626
0.661311	0.210985	0.63	0.386
0.737768	0.317822	0.68	0.195
0.244963	0.131924	0.66	0.222
0.473241	0.353425	0.54	0.213
0.238066	0.227375	0.32	0.178
0.969673	0.555834	0.59	0.628
0.984849	0.450997	0.58	0.636
0.997317	0.568257	0.77	0.689
0.231504	0.130615	0.74	0.544
0.153598	0.1818	0.71	0.466
0.011291	0.053104	0.74	0.0
0.52801	0.425405	0.65	0.431
0.385192	0.258142	0.66	0.364
0.286026	0.442538	0.64	0.15
0.157943	0.126936	0.66	0.207
0.009818	0.032609	0.59	0.0
0.951483	0.708364	0.69	0.605
0.326401	0.467943	0.36	0.089
0.481887	0.361297	0.54	0.125
0.087576	0.09051	0.52	0.299
0.060333	0.298897	0.2	0.142
0.076718	0.315224	0.3	0.274
0.134893	0.418074	0.46	0.296
0.137427	0.377028	0.31	0.527
0.584828	0.280374	0.68	0.704
0.504052	0.528489	0.58	0.677
0.988845	0.698132	0.69	0.745
0.96059	0.778857	0.68	0.732
0.754574	0.577409	0.64	0.618
0.885706	0.623872	0.74	0.59
0.586502	0.318024	0.65	0.512
0.713974	0.207345	0.69	0.27
0.063036	0.109034	0.77	0.31
0.065345	0.182253	0.72	0.479
0.050832	0.058121	0.65	0.474
0.065102	0.173136	0.62	0.554
0.217927	0.225925	0.7	0.511
0.11235	0.198931	0.71	0.635
0.249118	0.252209	0.73	0.584
0.077984	0.148563	0.61	0.567
0.031938	0.047968	0.73	0.359
0.033529	0.060386	0.81	0.501
0.031053	0.040421	0.86	0.257
0.031819	0.064381	0.69	0.333
0.064471	0.113095	0.75	0.489
0.068718	0.245875	0.71	0.17
0.07352	0.159118	0.75	0.118
0.028135	0.043336	0.6	0.142
0.581592	0.643564	0.49	0.417
0.028933	0.076717	0.76	0.265
0.196195	0.147359	0.73	0.21
0.218428	0.340445	0.74	0.247
0.477264	0.645641	0.8	0.438
0.726138	0.632871	0.78	0.502
0.785768	0.546655	0.75	0.472
0.756382	0.421593	0.8	0.601
0.295901	0.283918	0.78	0.263
0.70718	0.519843	0.78	0.122
0.280096	0.280098	0.69	0.099
0.781242	0.737397	0.8	0.091
0.481292	0.487344	0.6	0.095
0.628208	0.579347	0.74	0.073
0.011699	0.247153	0.55	0.02
0.659572	0.338029	0.67	0.122
0.839742	0.501723	0.82	0.258
0.503699	0.229668	0.8	0.388
0.822899	0.3361	0.83	0.527
0.699288	0.32429	0.87	0.661
0.745407	0.213393	0.6	0.507
0.41911	0.297524	0.74	0.284
0.712492	0.353402	0.77	0.423
0.64882	0.214999	0.77	0.332
0.575948	0.60011	0.89	0.522
0.016525	0.012239	0.77	0.0
0.018327	0.025839	0.86	0.0
0.103444	0.308567	0.95	0.0
0.874921	0.553845	0.88	0.658
0.159343	0.109429	0.9	0.659
0.28335	0.25562	0.96	0.655
0.340603	0.229737	0.95	0.0
0.639911	0.305139	0.89	0.652
0.672912	0.731938	0.87	0.514
0.775779	0.320522	0.79	0.341
0.015972	0.009636	0.62	0.0
0.705685	0.256852	0.86	0.387
0.473439	0.601097	0.85	0.556
0.943996	0.648606	0.89	0.705
0.982445	0.641575	0.6	0.426
0.734057	0.500848	0.9	0.491
0.991588	0.577725	0.77	0.291
0.016795	0.016494	0.76	0.0
0.016949	0.025838	0.74	0.0
0.376405	0.273405	0.93	0.0
0.933746	0.646982	0.89	0.537
0.54851	0.301751	0.95	0.618
0.860626	0.21563	0.9	0.783
0.021275	0.097115	0.91	0.0
0.684698	0.291604	0.86	0.686
0.942059	0.547001	0.86	0.501
0.930195	0.330909	0.79	0.394
0.928255	0.484257	0.73	0.354
0.020367	0.097584	0.62	0.0
0.016624	0.009942	0.68	0.0
0.125825	0.225239	0.35	0.374
0.128937	0.312986	0.25	0.494
0.734291	0.310136	0.45	0.635
0.641792	0.287825	0.05	0.465
0.422825	0.260751	0.12	0.502
0.374128	0.149123	0.11	0.42
0.050332	0.093923	0.38	0.263
0.043107	0.144563	0.16	0.12
0.704791	0.448304	0.41	0.725
0.572189	0.366841	0.03	0.566
0.039807	0.067902	0.04	0.282
0.033675	0.292725	0.79	0.333
0.544364	0.204507	0.79	0.189
0.065098	0.197756	0.69	0.382
0.134737	0.289473	0.78	0.42
0.848681	0.286897	0.76	0.346
0.642668	0.422864	0.72	0.498
0.029337	0.045648	0.61	0.0
0.406973	0.358605	0.77	0.441
0.371971	0.430552	0.84	0.555
0.335356	0.655117	0.79	0.681
0.180372	0.168383	0.73	0.664
0.083428	0.029147	0.81	0.605
0.093742	0.081294	0.79	0.62
0.182955	0.17083	0.82	0.655
0.165972	0.156234	0.64	0.713
0.250849	0.154009	0.8	0.67
0.856521	0.24262	0.87	0.751
0.074327	0.030625	0.6	0.327
0.999555	0.561496	0.8	0.761
0.866019	0.23565	0.77	0.673
0.136045	0.20525	0.71	0.0
0.553261	0.423214	0.78	0.35
0.03104	0.241374	0.64	0.267
0.992158	0.41944	0.86	0.736
0.825136	0.06648	0.55	0.0
0.841058	0.205749	0.73	0.625
0.999999	0.626968	0.83	0.444
1.0	0.754396	0.89	0.66
0.999994	0.710872	0.86	0.648
0.99985	0.391444	0.89	0.395
0.999942	0.629814	0.82	0.511
0.90497	0.493991	0.66	0.298
0.857606	0.082656	0.69	0.372
0.999782	0.527376	0.82	0.535
0.746652	0.574775	0.79	0.422
0.514094	0.119874	0.56	0.677
0.764822	0.234624	0.54	0.672
0.553824	0.15593	0.48	0.68
0.773281	0.336195	0.51	0.63
0.668505	0.250344	0.44	0.709
0.947329	0.377451	0.46	0.688
0.963415	0.394239	0.54	0.817
0.148239	0.206785	0.61	0.719
0.166606	0.253357	0.61	0.34
0.117488	0.212853	0.54	0.396
0.208285	0.165274	0.55	0.643
0.572278	0.256235	0.38	0.561
0.302104	0.104572	0.46	0.264
0.416476	0.26673	0.49	0.202
0.406265	0.258946	0.33	0.101
0.296217	0.107731	0.34	0.063
0.422646	0.293832	0.44	0.02
0.406473	0.218689	0.47	0.025
0.155619	0.263424	0.5	0.063
0.099474	0.310931	0.16	0.08
0.47918	0.295359	0.45	0.193
0.350628	0.160216	0.31	0.215
0.508089	0.403838	0.67	0.182
0.430429	0.264557	0.4	0.197
0.033321	0.222356	0.34	0.0
0.038596	0.183563	0.52	0.467
0.551765	0.404972	0.53	0.346
0.434638	0.250316	0.62	0.197
0.531604	0.491395	0.71	0.292
0.46218	0.273622	0.68	0.419
0.556521	0.509985	0.59	0.558
0.448783	0.358875	0.42	0.674
0.602146	0.440726	0.44	0.489
0.705948	0.457626	0.63	0.532
0.737068	0.193957	0.68	0.537
0.891207	0.741543	0.69	0.5
0.521205	0.563914	0.26	0.259
0.232678	0.10819	0.43	0.724
0.410862	0.256307	0.39	0.7
0.424699	0.259415	0.49	0.529
0.253741	0.128712	0.36	0.17
0.410567	0.220556	0.42	0.49
0.54621	0.500857	0.67	0.492
0.381967	0.235139	0.26	0.41
0.456654	0.277163	0.31	0.343
0.029621	0.056633	0.25	0.36
0.024323	0.015874	0.14	0.0
0.023867	0.016471	0.31	0.091
0.028817	0.088869	0.81	0.0
0.096289	0.063161	0.84	0.745
0.293643	0.267395	0.81	0.431
0.461618	0.368077	0.78	0.096
0.078446	0.208423	0.83	0.107
0.993351	0.305337	0.71	0.249
0.599063	0.169789	0.79	0.219
0.56917	0.205099	0.68	0.413
0.203534	0.082458	0.59	0.0
0.921624	0.224976	0.87	0.645
0.996824	0.599315	0.8	0.609
0.799796	0.492247	0.87	0.657
0.863506	0.511033	0.78	0.633
0.866559	0.687742	0.9	0.7
0.028818	0.105804	0.76	0.0
0.029242	0.046095	0.11	0.028
0.283261	0.178532	0.23	0.051
0.370798	0.383971	0.23	0.181
0.493377	0.425619	0.47	0.063
0.034637	0.096877	0.26	0.074
0.409214	0.401239	0.39	0.067
0.430823	0.532301	0.2	0.045
0.216029	0.178665	0.07	0.144
0.386894	0.28549	0.32	0.171
0.665979	0.554994	0.34	0.239
0.834745	0.652887	0.43	0.199
0.937194	0.713515	0.54	0.211
0.165973	0.400352	0.4	0.116
0.754172	0.502187	0.49	0.1
0.402693	0.287816	0.33	0.117
0.034978	0.057136	0.11	0.058
0.042012	0.080839	0.32	0.043
0.720456	0.609713	0.48	0.242
0.649555	0.42134	0.19	0.145
0.761248	0.69528	0.57	0.202
0.33549	0.342456	0.3	0.063
0.325221	0.196527	0.15	0.053
0.096173	0.057963	0.13	0.073
0.38051	0.614937	0.1	0.108
0.318276	0.206837	0.08	0.043
0.170676	0.069969	0.2	0.035
0.094838	0.073151	0.12	0.029
0.031388	0.046766	0.18	0.047
0.937055	0.435631	0.68	0.214
0.944369	0.483722	0.61	0.118
0.899932	0.63984	0.45	0.185
0.940535	0.326261	0.31	0.17
0.936915	0.725947	0.62	0.24
0.855735	0.648112	0.5	0.165
0.029395	0.028103	0.15	0.0
0.695972	0.534373	0.56	0.199
0.588203	0.392775	0.73	0.107
0.235892	0.395762	0.49	0.114
0.155415	0.269291	0.23	0.068
0.196608	0.561226	0.27	0.064
0.278064	0.54963	0.24	0.14
0.940298	0.640655	0.52	0.209
0.499227	0.173297	0.45	0.216
0.379106	0.466327	0.36	0.148
0.092655	0.097155	0.47	0.158
0.314201	0.246901	0.52	0.061
0.081563	0.095496	0.32	0.0
0.19568	0.356154	0.22	0.029
0.408986	0.402409	0.37	0.04
0.044446	0.024107	0.22	0.188
0.270753	0.269288	0.45	0.281
0.51865	0.241046	0.69	0.422
0.542385	0.371732	0.58	0.543
0.5903	0.392641	0.56	0.623
0.962545	0.661597	0.8	0.559
0.545565	0.405218	0.63	0.381
0.389074	0.393298	0.66	0.379
0.880879	0.513652	0.71	0.447
0.998532	0.718575	0.79	0.509
0.998429	0.699787	0.75	0.389
0.969387	0.601986	0.62	0.319
0.424358	0.388672	0.58	0.48
0.524495	0.405215	0.53	0.537
0.376781	0.165055	0.38	0.53
0.482795	0.402864	0.6	0.498
0.201941	0.582805	0.38	0.398
0.191605	0.242729	0.63	0.439
0.139281	0.154705	0.34	0.46
0.03115	0.030543	0.27	0.293
0.712206	0.37382	0.54	0.433
0.025322	0.013597	0.19	0.0
0.167605	0.254401	0.38	0.409
0.080569	0.067182	0.28	0.034
0.03828	0.024698	0.09	0.087
0.561898	0.388764	0.62	0.392
0.520508	0.41061	0.45	0.331
0.647099	0.390196	0.51	0.387
0.404904	0.363607	0.26	0.467
0.072828	0.108548	0.23	0.387
0.861326	0.564938	0.6	0.183
0.053127	0.06493	0.15	0.0
0.353001	0.271837	0.32	0.087
0.724092	0.533846	0.59	0.19
0.838453	0.380404	0.62	0.146
0.236155	0.066841	0.2	0.024
0.51438	0.316019	0.27	0.029
0.490994	0.293906	0.4	0.026
0.514175	0.231791	0.24	0.024
0.391662	0.140474	0.24	0.029
0.560105	0.318684	0.27	0.023
0.454922	0.120725	0.28	0.036
0.595204	0.328922	0.24	0.029
0.550776	0.341666	0.24	0.026
0.389666	0.196616	0.23	0.022
0.147938	0.07463	0.39	0.031
0.296433	0.211769	0.41	0.035
0.328559	0.262088	0.21	0.209
0.197671	0.086449	0.14	0.236
0.162792	0.077663	0.24	0.011
0.054805	0.024434	0.15	0.033
0.081888	0.037584	0.19	0.019
0.057527	0.021274	0.25	0.023
0.053247	0.022013	0.14	0.05
0.412868	0.474304	0.16	0.147
0.067204	0.047669	0.09	0.0
0.688965	0.231835	0.28	0.387
0.980067	0.444745	0.14	0.608
0.960734	0.288602	0.22	0.274
0.999915	0.713851	0.35	0.548
0.919324	0.203769	0.21	0.603
0.224062	0.100459	0.11	0.235
0.477394	0.184841	0.12	0.376
0.217719	0.141551	0.06	0.156
0.832634	0.51772	0.15	0.074
0.548754	0.246237	0.18	0.089
0.054735	0.024434	0.06	0.0
0.526452	0.31065	0.28	0.25
0.390341	0.638111	0.32	0.097
0.203048	0.093148	0.27	0.093
0.398456	0.075799	0.1	0.076
0.355374	0.115493	0.16	0.078
0.157247	0.096756	0.12	0.078
0.400122	0.142512	0.17	0.093
0.052996	0.022013	0.06	0.0
0.054139	0.012634	0.22	0.012
0.056399	0.016009	0.09	0.023
0.422631	0.276444	0.1	0.157
0.345449	0.195736	0.18	0.202
0.10384	0.05202	0.08	0.152
0.332199	0.238037	0.13	0.091
0.214961	0.097093	0.15	0.238
0.625317	0.245048	0.16	0.369
0.957876	0.313808	0.17	0.495
0.954676	0.324919	0.29	0.485
0.98344	0.580241	0.2	0.476
0.105766	0.061251	0.11	0.217
0.100788	0.035295	0.02	0.119
0.18195	0.059009	0.24	0.217
0.530055	0.594629	0.24	0.114
0.495694	0.237053	0.28	0.229
0.970232	0.488563	0.43	0.372
0.656386	0.197141	0.19	0.613
0.582943	0.189657	0.24	0.331
0.546766	0.183063	0.21	0.284
0.466763	0.267291	0.25	0.024
0.410863	0.305011	0.26	0.081
0.653235	0.5345	0.33	0.074
0.60732	0.530508	0.25	0.074
0.152571	0.203689	0.22	0.067
0.455763	0.306555	0.26	0.039
0.407277	0.331226	0.33	0.047
0.506429	0.309459	0.16	0.034
0.246689	0.221498	0.3	0.016
0.024774	0.046213	0.09	0.0
0.403052	0.330448	0.41	0.11
0.592236	0.38368	0.46	0.083
0.299781	0.229815	0.49	0.112
0.747593	0.380285	0.5	0.046
0.521616	0.492902	0.47	0.033
0.716481	0.465462	0.55	0.103
0.595307	0.518123	0.62	0.046
0.659093	0.435376	0.5	0.136
0.359017	0.315494	0.35	0.141
0.738793	0.713827	0.48	0.094
0.341306	0.337957	0.44	0.113
0.031206	0.046044	0.27	0.065
0.023139	0.021371	0.14	0.05
0.020647	0.029104	0.08	0.085
0.509422	0.383754	0.25	0.135
0.679001	0.517539	0.29	0.139
0.65346	0.180777	0.52	0.265
0.396914	0.225934	0.52	0.367
0.198393	0.177239	0.48	0.168
0.199701	0.225282	0.33	0.371
0.433451	0.244097	0.25	0.166
0.50501	0.367181	0.14	0.251
0.55572	0.493118	0.21	0.284
0.419636	0.30839	0.44	0.496
0.605377	0.386893	0.28	0.452
0.43467	0.202581	0.31	0.391
0.025548	0.046213	0.23	0.285
0.31676	0.22648	0.44	0.636
0.473982	0.382193	0.4	0.331
0.694867	0.423015	0.37	0.382
0.056042	0.015619	0.35	0.227
0.377112	0.553964	0.67	0.388
0.304485	0.222152	0.79	0.312
0.351267	0.474379	0.81	0.387
0.199654	0.226269	0.68	0.294
0.057941	0.047535	0.3	0.116
0.044286	0.04287	0.6	0.214
0.036581	0.009402	0.56	0.089
0.035605	0.006267	0.49	0.189
0.998845	0.793849	0.89	0.713
0.763985	0.735185	0.78	0.573
0.977271	0.561537	0.87	0.67
0.992153	0.615298	0.89	0.669
0.998671	0.544445	0.89	0.535
0.635209	0.336832	0.72	0.412
0.084838	0.037689	0.13	0.0
0.645115	0.349908	0.78	0.416
0.426722	0.263706	0.67	0.533
0.040529	0.012423	0.16	0.056
0.115804	0.139245	0.73	0.47
0.332234	0.279292	0.9	0.506
0.594163	0.472911	0.78	0.524
0.041701	0.05063	0.77	0.256
0.065457	0.142332	0.69	0.251
0.056493	0.147123	0.6	0.207
0.03876	0.035056	0.7	0.105
0.037235	0.022312	0.78	0.092
0.035671	0.00837	0.48	0.047
0.892335	0.659705	0.88	0.553
0.341196	0.226654	0.65	0.359
0.129956	0.192265	0.37	0.391
0.093263	0.019912	0.28	0.054
0.091538	0.007999	0.16	0.064
0.083689	0.013889	0.4	0.108
0.088004	0.014849	0.28	0.09
0.085801	0.015687	0.46	0.13
0.084229	0.016188	0.14	0.359
0.086875	0.019184	0.14	0.0
0.083848	0.013889	0.22	0.051
0.093768	0.083856	0.36	0.04
0.125444	0.076741	0.14	0.028
0.103941	0.098085	0.25	0.061
0.092842	0.103748	0.16	0.052
0.094056	0.093856	0.27	0.098
0.084795	0.033255	0.17	0.048
0.09577	0.019933	0.08	0.073
0.145154	0.013052	0.17	0.175
0.09088	0.011642	0.07	0.201
0.087579	0.014928	0.1	0.057
0.081882	0.022004	0.16	0.02
0.084988	0.015617	0.06	0.026
0.085477	0.015761	0.09	0.302
0.090533	0.037717	0.2	0.054
0.183863	0.025159	0.4	0.366
0.108173	0.019843	0.46	0.325
0.141223	0.080932	0.56	0.441
0.804901	0.501957	0.43	0.238
0.522463	0.252207	0.6	0.352
0.877695	0.542486	0.43	0.359
0.468074	0.466674	0.21	0.327
0.303736	0.310822	0.44	0.305
0.474597	0.265605	0.28	0.22
0.793477	0.580947	0.48	0.102
0.869218	0.531979	0.38	0.028
0.928518	0.526719	0.53	0.023
0.860336	0.605355	0.43	0.058
0.446296	0.705145	0.07	0.137
0.927934	0.681351	0.57	0.265
0.668112	0.484793	0.45	0.305
0.309037	0.485654	0.25	0.227
0.03939	0.222232	0.3	0.349
0.373811	0.383054	0.3	0.404
0.21588	0.369955	0.14	0.149
0.289894	0.532197	0.27	-0.038
0.269822	0.431301	0.12	0.108
0.338341	0.488473	0.31	0.411
0.775956	0.455578	0.39	0.171
0.467052	0.451182	0.34	0.147
0.313754	0.38796	0.31	0.339
0.026587	0.096004	0.21	0.0
0.513843	0.527251	0.32	0.306
0.645915	0.523996	0.38	0.261
0.764292	0.497883	0.5	0.503
0.593486	0.347612	0.53	0.609
0.564168	0.384769	0.37	0.504
0.020551	0.103317	0.1	0.0
0.040288	0.092463	0.11	0.0
0.785666	0.265114	0.53	0.303
0.119763	0.106609	0.0	0.685
0.136385	0.061103	0.19	0.438
0.170323	0.051359	0.25	0.504
0.281219	0.052062	0.27	0.628
0.919784	0.285861	0.09	0.608
0.830858	0.555145	0.13	0.668
0.735421	0.281104	0.15	0.444
0.893785	0.362622	0.11	0.498
0.177476	0.053263	0.02	0.239
0.20928	0.068942	0.0	0.543
0.266437	0.197039	0.0	0.486
0.559088	0.443102	0.02	0.437
0.95999	0.723746	0.04	0.281
0.559125	0.594128	0.04	0.24
0.971428	0.411803	0.02	0.293
0.259882	0.180668	0.1	0.26
0.966642	0.606794	0.0	0.118
0.103663	0.040206	0.1	0.153
0.155028	0.065057	0.03	0.072
0.834933	0.292203	0.0	0.097
0.891846	0.235289	0.03	0.231
0.107387	0.045692	0.15	0.054
0.056942	0.012339	0.1	0.027
0.057509	0.012429	0.06	0.044
0.053665	0.019235	0.02	0.0
0.728114	0.230215	0.82	0.08
0.049812	0.024977	0.5	0.0
0.108932	0.053871	0.76	0.292
0.094332	0.045023	0.73	0.178
0.216958	0.164105	0.75	0.002
0.214674	0.075013	0.85	0.059
0.194775	0.175048	0.78	0.168
0.490856	0.164112	0.76	0.044
0.148652	0.063981	0.83	0.038
0.067557	0.065079	0.76	0.028
0.052849	0.022569	0.49	0.036
0.085229	0.044884	0.7	0.041
0.024098	0.332597	0.65	0.039
0.099918	0.124302	0.74	0.18
0.052763	0.03063	0.73	0.329
0.671846	0.192282	0.67	0.237
0.831193	0.296928	0.87	0.155
0.523789	0.109838	0.65	0.209
0.550922	0.152055	0.8	0.232
0.189138	0.069048	0.74	0.181
0.435582	0.121768	0.81	0.112
0.547828	0.288482	0.75	0.125
0.289153	0.253737	0.71	0.098
0.146156	0.267189	0.73	0.096
0.233709	0.29954	0.83	0.225
0.14513	0.157863	0.85	0.562
0.696546	0.36546	0.46	0.425
0.559128	0.237559	0.3	0.446
0.052995	0.192263	0.32	0.392
0.049356	0.153856	0.16	0.069
0.19417	0.138013	0.29	0.049
0.047832	0.065692	0.16	0.07
0.47842	0.212875	0.25	0.068
0.029002	0.038934	0.05	0.077
0.040255	0.056612	0.16	0.064
0.022381	0.437081	0.08	0.147
0.03629	0.132025	0.2	0.208
0.055901	0.041562	0.09	0.349
0.180592	0.506856	0.36	0.294
0.612558	0.266564	0.45	0.292
0.234017	0.459184	0.51	0.297
0.395087	0.325471	0.43	0.373
0.897271	0.26611	0.51	0.344
0.077941	0.115801	0.07	0.077
0.067781	0.046904	0.38	0.128
0.422975	0.212792	0.46	0.083
0.643526	0.289392	0.51	0.244
0.69567	0.528235	0.47	0.394
0.036182	0.033273	0.13	0.0
0.816124	0.600463	0.5	0.5
0.062258	0.018058	0.43	0.15
0.422824	0.396304	0.57	0.122
0.856432	0.48391	0.63	0.125
0.462298	0.448166	0.45	0.065
0.848689	0.554622	0.75	0.077
0.531708	0.155365	0.36	0.037
0.600784	0.238777	0.6	0.034
0.417223	0.170604	0.57	0.035
0.657624	0.511435	0.84	0.032
0.606825	0.492579	0.66	0.02
0.037603	0.036335	0.48	0.039
0.592781	0.393758	0.74	0.015
0.502077	0.255371	0.57	0.011
0.580564	0.315625	0.38	0.029
0.216025	0.097135	0.27	0.062
0.638648	0.474818	0.6	0.027
0.744539	0.509884	0.56	0.269
0.56771	0.321064	0.57	0.191
0.688313	0.252189	0.51	0.333
0.8123	0.572832	0.76	0.42
0.897598	0.307088	0.57	0.657
0.98013	0.781275	0.56	0.664
0.880058	0.425589	0.55	0.418
0.123842	0.147409	0.24	0.18
0.869359	0.61146	0.43	0.357
0.917762	0.587423	0.63	0.652
0.706611	0.401523	0.45	0.677
0.597591	0.302044	0.28	0.348
0.42993	0.057886	0.65	0.248
0.073269	0.049191	0.53	0.152
0.635451	0.474818	0.5	0.19
0.040361	0.017935	0.41	0.03
0.684765	0.48719	0.72	0.034
0.040608	0.044307	0.41	0.05
0.669707	0.491155	0.73	0.033
0.037575	0.036691	0.14	0.0
0.517224	0.264833	0.52	0.062
0.562935	0.287764	0.35	0.113
0.596588	0.380051	0.5	0.046
0.427016	0.19522	0.11	0.032
0.159089	0.076395	0.27	0.069
0.613299	0.335591	0.67	0.049
0.550259	0.338612	0.37	0.053
0.045367	0.046157	0.2	0.085
0.46965	0.250412	0.59	0.029
0.352962	0.231797	0.63	0.094
0.032847	0.025996	0.08	0.0
0.684923	0.48719	0.55	0.138
0.652679	0.317139	0.72	0.331
0.361496	0.243873	0.76	0.358
0.594046	0.172002	0.82	0.253
0.188235	0.094328	0.68	0.191
0.779202	0.125767	0.74	0.101
0.039128	0.039681	0.66	0.204
0.128322	0.06116	0.78	0.078
0.473891	0.100064	0.74	0.054
0.2099	0.093304	0.6	0.0
0.713323	0.091743	0.74	0.065
0.233887	0.061861	0.72	0.053
0.65289	0.113286	0.81	0.067
0.232942	0.219699	0.26	0.419
0.838999	0.561577	0.19	0.717
0.822375	0.559041	0.15	0.549
0.986528	0.68637	0.04	0.708
0.998752	0.675836	0.01	0.697
0.871183	0.516971	0.04	0.763
0.320904	0.294003	0.09	0.255
0.134087	0.140488	0.06	0.092
0.166945	0.176814	0.14	0.534
0.176849	0.238516	0.04	0.439
0.485007	0.355665	0.01	0.534
0.691677	0.205926	0.14	0.523
0.039995	0.033555	0.03	0.0
0.998744	0.681486	0.22	0.538
0.276657	0.309515	0.12	0.554
0.081398	0.231212	0.39	0.128
0.060084	0.236539	0.4	0.162
0.659647	0.285788	0.33	0.257
0.758503	0.379596	0.59	0.258
0.720541	0.404372	0.52	0.202
0.809622	0.340326	0.62	0.16
0.773659	0.492199	0.22	0.136
0.474757	0.231061	0.11	0.064
0.005508	0.209768	0.26	0.111
0.048131	0.047155	0.19	0.064
0.707445	0.351056	0.37	0.175
0.766712	0.346683	0.45	0.085
0.747648	0.370055	0.44	0.045
0.781368	0.596127	0.52	0.1
0.513894	0.557657	0.36	0.042
0.055797	0.24163	0.31	0.056
0.490538	0.226545	0.27	0.634
0.139863	0.330823	0.24	0.66
0.801097	0.288247	0.29	0.669
0.241069	0.409294	0.07	0.598
0.579257	0.315248	0.19	0.625
0.276619	0.17593	0.07	0.548
0.964578	0.797073	0.01	0.366
0.356586	0.165996	0.05	0.325
0.439546	0.272333	0.08	0.195
0.777635	0.494518	0.07	0.224
0.860177	0.446375	0.0	0.352
0.351066	0.09497	0.0	0.334
0.332904	0.238103	0.0	0.284
0.972871	0.51746	0.0	0.614
0.400674	0.096409	0.0	0.605
0.510347	0.474389	0.05	0.517
0.885514	0.296719	0.11	0.67
0.042958	0.033798	0.07	0.0
0.529555	0.477585	0.45	0.651
0.051367	0.594246	0.1	0.203
0.128968	0.579764	0.26	0.31
0.970833	0.687026	0.15	0.266
0.544272	0.651465	0.69	0.389
0.461089	0.491325	0.48	0.574
0.726184	0.766676	0.74	0.542
0.372987	0.491697	0.76	0.428
0.131071	0.060392	0.78	0.366
0.321191	0.67104	0.83	0.386
0.216447	0.350673	0.47	0.085
0.16965	0.071225	0.63	0.232
0.34708	0.358547	0.49	0.594
0.41178	0.352302	0.51	0.657
0.307722	0.478773	0.59	0.74
0.393052	0.25332	0.46	0.649
0.402733	0.637367	0.53	0.617
0.453666	0.576638	0.43	0.656
0.479193	0.422569	0.49	0.606
0.324429	0.172193	0.46	0.514
0.435391	0.323751	0.62	0.366
0.278404	0.141815	0.4	0.67
0.277332	0.148605	0.61	0.602
0.44149	0.240647	0.47	0.703
0.539536	0.304915	0.52	0.622
0.431561	0.251666	0.68	0.377
0.462537	0.254599	0.6	0.368
0.447623	0.250739	0.41	0.154
0.454578	0.217942	0.24	0.046
0.464132	0.240895	0.62	0.146
0.016645	0.003993	0.21	0.214
0.463932	0.243187	0.59	0.232
0.565883	0.393507	0.33	0.306
0.631884	0.756336	0.52	0.349
0.531728	0.495854	0.18	0.118
0.292657	0.169583	0.38	0.188
0.035314	0.020318	0.31	0.295
0.413947	0.228148	0.34	0.19
0.544842	0.362946	0.5	0.429
0.638888	0.659734	0.62	0.618
0.016645	0.003993	0.28	0.0
0.74252	0.546507	0.78	0.392
0.01664	0.003993	0.18	0.0
0.677632	0.629496	0.63	0.515
0.719534	0.733697	0.64	0.683
0.536811	0.273559	0.52	0.657
0.602096	0.361672	0.69	0.448
0.474441	0.13323	0.55	0.563
0.274555	0.19027	0.38	0.362
0.0225	0.012073	0.13	0.0
0.583888	0.605898	0.55	0.17
0.59141	0.715976	0.46	0.319
0.590474	0.550117	0.75	0.399
0.101103	0.045968	0.24	0.11
0.118522	0.137048	0.61	0.171
0.046904	0.066074	0.48	0.078
0.285994	0.368522	0.44	0.24
0.419432	0.677085	0.53	0.245
0.414412	0.390488	0.46	0.238
0.479874	0.567124	0.63	0.409
0.651186	0.491698	0.62	0.45
0.835313	0.616645	0.66	0.489
0.55498	0.297985	0.67	0.475
0.220386	0.436174	0.59	0.494
0.137141	0.375624	0.75	0.405
0.286569	0.364461	0.57	0.172
0.086567	0.095825	0.41	0.34
0.26881	0.336015	0.36	0.596
0.922593	0.460528	0.72	0.721
0.069892	0.004164	0.79	0.069
0.068293	0.00436	0.65	0.0
0.085971	0.045082	0.74	0.236
0.114944	0.169229	0.75	0.648
0.667251	0.219143	0.79	0.361
0.480986	0.334136	0.81	0.55
0.64889	0.544336	0.81	0.545
0.473798	0.417192	0.81	0.322
0.07018	0.013801	0.11	0.0
0.068575	0.004925	0.28	0.053
0.068034	0.00401	0.54	0.134
0.068401	0.003888	0.61	0.0
0.071379	0.007238	0.75	0.062
0.074756	0.007953	0.71	0.057
0.276795	0.083056	0.76	0.107
0.086926	0.021578	0.63	0.063
0.070838	0.007602	0.71	0.021
0.071413	0.007238	0.68	0.167
0.177756	0.267942	0.84	0.313
0.068261	0.004313	0.67	0.0
0.092857	0.024054	0.8	0.272
0.248021	0.210477	0.77	0.695
0.068439	0.21738	0.14	0.036
0.143288	0.197194	0.28	0.094
0.428713	0.394941	0.3	0.194
0.035265	0.095625	0.14	0.0
0.764919	0.404088	0.55	0.178
0.672849	0.310531	0.33	0.168
0.710209	0.474124	0.43	0.038
0.541368	0.361611	0.15	0.383
0.128512	0.274502	0.18	0.153
0.067322	0.199673	0.28	0.051
0.315794	0.485281	0.46	0.077
0.739183	0.361872	0.28	0.087
0.996873	0.514334	0.57	0.073
0.999148	0.499398	0.59	0.076
0.95508	0.445605	0.4	0.072
0.99314	0.439867	0.5	0.07
0.885976	0.258503	0.61	0.075
0.995137	0.557125	0.53	0.062
0.965245	0.492638	0.47	0.104
0.887862	0.228207	0.26	0.382
0.76559	0.272439	0.28	0.194
0.152896	0.261921	0.15	0.0
0.881285	0.473569	0.36	0.163
0.754762	0.509723	0.33	0.04
0.83945	0.501051	0.4	0.11
0.930368	0.599691	0.25	0.426
0.992539	0.478002	0.46	0.322
0.963829	0.522188	0.37	0.379
0.987341	0.571218	0.57	0.256
0.474848	0.585363	0.19	0.235
0.55512	0.358906	0.28	0.196
0.314092	0.426287	0.28	0.052
0.942673	0.440037	0.43	0.505
0.871826	0.544992	0.49	0.699
0.92424	0.47003	0.56	0.484
0.923374	0.456633	0.55	0.442
0.644388	0.436865	0.49	0.316
0.270266	0.424525	0.18	0.588
0.507698	0.312429	0.38	0.665
0.325384	0.432382	0.36	0.58
0.194829	0.235878	0.39	0.695
0.93371	0.456413	0.52	0.478
0.096346	0.152311	0.41	0.488
0.452955	0.687583	0.51	0.514
0.721261	0.701787	0.43	0.609
0.404587	0.525422	0.49	0.209
0.056981	0.189198	0.28	0.189
0.330883	0.566807	0.55	0.351
0.236594	0.452446	0.39	0.34
0.084944	0.168676	0.55	0.237
0.027055	0.061198	0.11	0.0
0.183316	0.334189	0.36	0.498
0.139192	0.230433	0.35	0.411
0.057453	0.163692	0.34	0.183
0.086302	0.328814	0.31	0.463
0.247827	0.538507	0.5	0.429
0.339711	0.612525	0.49	0.451
0.377675	0.3681	0.48	0.49
0.592481	0.344016	0.56	0.556
0.718461	0.412522	0.43	0.318
0.80669	0.283855	0.53	0.659
0.576989	0.241732	0.55	0.514
0.048865	0.095965	0.24	0.682
0.7426	0.611564	0.56	0.623
0.385423	0.255226	0.11	0.102
0.073337	0.13939	0.32	0.11
0.292774	0.633208	0.43	0.159
0.166004	0.32694	0.32	0.224
0.23138	0.544783	0.56	0.146
0.176383	0.334828	0.57	0.114
0.239315	0.525751	0.44	0.122
0.016415	0.17636	0.2	0.0
0.271997	0.58457	0.59	0.317
0.222787	0.548069	0.31	0.41
0.239516	0.510292	0.57	0.358
0.212138	0.273296	0.52	0.142
0.014092	0.020412	0.09	0.0
0.200339	0.234278	0.18	0.081
0.12324	0.337593	0.52	0.111
0.23142	0.347863	0.44	0.161
0.173833	0.26066	0.46	0.138
0.20879	0.358588	0.55	0.095
0.014159	0.015633	0.21	0.0
0.015442	0.031687	0.27	0.127
0.281163	0.737135	0.12	0.328
0.01934	0.061738	0.04	0.373
0.891202	0.510202	0.07	0.426
0.164547	0.252226	0.03	0.572
0.893428	0.536451	0.0	0.502
0.884984	0.428773	0.05	0.563
0.954983	0.558985	0.05	0.682
0.934539	0.532848	0.4	0.797
0.789289	0.378352	0.37	0.751
0.876148	0.617099	0.08	0.679
0.390666	0.475911	0.64	0.384
0.195354	0.157292	0.31	0.47
0.776479	0.520121	0.72	0.666
0.617631	0.438978	0.52	0.093
0.014846	0.04422	0.29	0.358
0.319274	0.408826	0.56	0.223
0.300699	0.489831	0.59	0.086
0.260558	0.339765	0.7	0.124
0.183916	0.242425	0.62	0.106
0.205044	0.370754	0.77	0.127
0.617406	0.338201	0.39	0.296
0.950318	0.664177	0.61	0.4
0.964113	0.641741	0.62	0.565
0.98406	0.705312	0.7	0.496
0.058007	0.192044	0.29	0.498
0.744734	0.341231	0.68	0.6
0.706015	0.342352	0.59	0.677
0.034442	0.018269	0.19	0.0
0.140198	0.18166	0.27	0.281
0.101274	0.017223	0.34	0.281
0.06343	0.04076	0.5	0.234
0.041115	0.028252	0.11	0.155
0.160198	0.287341	0.27	0.095
0.053672	0.054485	0.3	0.031
0.043108	0.055151	0.48	0.064
0.0352	0.052283	0.49	0.132
0.025319	0.151453	0.37	0.138
0.040406	0.029629	0.4	0.031
0.050392	0.149098	0.17	0.051
0.279263	0.097759	0.3	0.062
0.251742	0.247278	0.22	0.033
0.108375	0.120429	0.11	0.021
0.816072	0.254114	0.71	0.261
0.36432	0.160804	0.75	0.179
0.080437	0.12893	0.79	0.105
0.242232	0.207955	0.73	0.1
0.604749	0.069061	0.75	0.115
0.038844	0.014413	0.41	0.04
0.058844	0.055072	0.79	0.153
0.03186	0.017287	0.66	0.064
0.03922	0.021482	0.77	0.24
0.519077	0.050256	0.76	0.364
0.219679	0.032236	0.79	0.248
0.038701	0.010236	0.8	0.171
0.035896	0.006656	0.89	0.2
0.032819	0.013447	0.69	0.155
0.031817	0.017287	0.56	0.018
0.99371	0.19895	0.88	0.505
0.814048	0.197683	0.86	0.35
0.129802	0.047443	0.84	0.676
0.481546	0.051196	0.83	0.666
0.548056	0.048675	0.86	0.556
0.775578	0.054166	0.74	0.35
0.999888	0.185431	0.92	0.66
0.492354	0.116501	0.8	0.741
0.991523	0.644414	0.92	0.506
0.991046	0.15782	0.84	0.389
0.87123	0.042587	0.87	0.388
0.271431	0.032842	0.93	0.338
0.917308	0.150354	0.8	0.208
0.588326	0.064315	0.87	0.248
0.021024	0.159326	0.47	0.064
0.033896	0.031351	0.71	0.039
0.034317	0.008087	0.79	0.103
0.035913	0.006656	0.84	0.103
0.138139	0.040938	0.8	0.037
0.540675	0.217118	0.9	0.064
0.055861	0.018259	0.79	0.023
0.531824	0.112498	0.86	0.031
0.045148	0.010791	0.78	0.044
0.038958	0.017731	0.56	0.037
0.214982	0.061051	0.91	0.622
0.132292	0.04758	0.86	0.641
0.289351	0.048921	0.94	0.349
0.89851	0.174383	0.96	0.25
0.458536	0.167439	0.84	0.129
0.679525	0.139425	0.9	0.224
0.401869	0.182553	0.86	0.145
0.390154	0.116303	0.84	0.09
0.393375	0.197918	0.86	0.292
0.723072	0.16808	0.92	0.731
0.396738	0.493009	0.91	0.468
0.748221	0.268577	0.94	0.642
0.951835	0.368071	0.94	0.617
0.998547	0.554161	0.94	0.787
0.642302	0.245004	0.76	0.629
0.99306	0.644229	0.93	0.726
0.990768	0.305279	0.92	0.766
0.267594	0.259492	0.92	0.458
0.298687	0.150606	0.8	0.265
0.233628	0.08612	0.86	0.208
0.431297	0.256819	0.91	0.161
0.160303	0.016327	0.05	0.223
0.167273	0.015572	0.02	0.202
0.15239	0.03314	0.08	0.081
0.147888	0.046915	0.1	0.135
0.16384	0.009571	0.03	0.0
0.151244	0.017097	0.08	0.101
0.147045	0.049779	0.16	0.115
0.158936	0.017193	0.12	0.286
0.155096	0.020562	0.07	0.191
0.156137	0.019336	0.04	0.291
0.145167	0.016955	0.1	0.255
0.14554	0.03228	0.09	0.31
0.10862	0.038356	0.62	0.381
0.157427	0.022286	0.08	0.162
0.154312	0.008138	0.09	0.113
0.151266	0.032677	0.05	0.117
0.145178	0.251912	0.11	0.206
0.127659	0.070549	0.42	0.221
0.585657	0.464783	0.38	0.108
0.377358	0.305814	0.15	0.115
0.590155	0.477183	0.22	0.254
0.598787	0.551363	0.28	0.249
0.18086	0.538824	0.56	0.165
0.593006	0.469897	0.47	0.206
0.024167	0.053938	0.33	0.057
0.543746	0.46806	0.48	0.268
0.020162	0.059198	0.62	0.103
0.098365	0.352368	0.19	0.422
0.023662	0.127292	0.12	0.0
0.013636	0.081082	0.28	0.0
0.960489	0.685508	0.56	0.575
0.991804	0.526747	0.48	0.646
0.822873	0.417284	0.51	0.691
0.230967	0.079581	0.32	0.257
0.112628	0.081121	0.54	0.161
0.653603	0.176439	0.53	0.258
0.064901	0.074543	0.57	0.43
0.287698	0.264477	0.57	0.473
0.033249	0.012899	0.54	0.37
0.021365	0.048856	0.45	0.386
0.03482	0.005997	0.07	0.0
0.362434	0.268261	0.18	0.198
0.291806	0.399544	0.28	0.05
0.681001	0.538741	0.39	0.056
0.061775	0.144956	0.2	0.209
0.025376	0.044396	0.38	0.269
0.034626	0.007333	0.12	0.0
0.029177	0.028375	0.27	0.0
0.030435	0.025229	0.24	0.0
0.031878	0.01676	0.46	0.372
0.225381	0.13063	0.42	0.16
0.541224	0.36845	0.2	0.022
0.640072	0.404592	0.3	0.064
0.02926	0.028375	0.15	0.262
0.034002	0.013556	0.14	0.0
0.41068	0.377816	0.63	0.403
0.024031	0.044984	0.34	0.0
0.442411	0.383839	0.33	0.471
0.282796	0.543862	0.35	0.23
0.26711	0.181731	0.27	0.232
0.059606	0.052503	0.26	0.074
0.3412	0.526766	0.53	0.278
0.084756	0.219723	0.28	0.215
0.025258	0.098521	0.21	0.337
0.969681	0.624904	0.68	0.622
0.799161	0.508921	0.64	0.508
0.60444	0.391661	0.55	0.489
0.693526	0.687077	0.61	0.632
0.823869	0.547382	0.44	0.586
0.924452	0.686084	0.7	0.475
0.982514	0.554909	0.84	0.38
0.924216	0.322432	0.66	0.19
0.768913	0.363929	0.32	0.182
0.293097	0.330772	0.35	0.133
0.167037	0.323946	0.64	0.19
0.368908	0.364004	0.43	0.165
0.689229	0.404914	0.57	0.323
0.199632	0.43093	0.22	0.262
0.719196	0.66098	0.56	0.615
0.840487	0.471027	0.57	0.515
0.29064	0.418496	0.33	0.276
0.534899	0.352143	0.44	0.432
0.011431	0.015912	0.19	0.0
0.028466	0.023652	0.21	0.04
0.043533	0.060223	0.24	0.044
0.144464	0.236268	0.45	0.082
0.14068	0.172289	0.4	0.133
0.121402	0.556249	0.76	0.282
0.121402	0.556249	0.76	0.282
0.118356	0.495658	0.82	0.199
0.118356	0.495658	0.82	0.199
0.056167	0.046974	0.65	0.272
0.056167	0.046974	0.65	0.272
0.10027	0.206556	0.74	0.336
0.10027	0.206556	0.74	0.336
0.067211	0.038991	0.51	0.157
0.067211	0.038991	0.51	0.157
0.064009	0.067752	0.83	0.474
0.064009	0.067752	0.83	0.474
0.094783	0.219016	0.73	0.335
0.094783	0.219016	0.73	0.335
0.126022	0.397496	0.87	0.384
0.126022	0.397496	0.87	0.384
0.035842	0.348925	0.85	0.565
0.035842	0.348925	0.85	0.565
0.119897	0.405592	0.75	0.718
0.119897	0.405592	0.75	0.718
0.060007	0.044719	0.56	0.559
0.060007	0.044719	0.56	0.559
0.099324	0.280282	0.75	0.372
0.099324	0.280282	0.75	0.372
0.092169	0.158808	0.48	0.025
0.092169	0.158808	0.48	0.025
0.029358	0.177054	0.54	0.208
0.029358	0.177054	0.54	0.208
0.451177	0.451391	0.17	0.148
0.554355	0.309031	0.34	0.223
0.971469	0.609625	0.43	0.234
0.997588	0.431162	0.54	0.276
0.688766	0.480504	0.35	0.13
0.986774	0.299561	0.46	0.224
0.711433	0.23762	0.35	0.0
0.432137	0.37664	0.19	0.527
0.775546	0.384318	0.37	0.568
0.949637	0.425047	0.5	0.702
0.999896	0.551311	0.66	0.713
0.997885	0.330716	0.69	0.517
0.557085	0.087927	0.41	0.0
0.999946	0.575389	0.56	0.786
0.995283	0.378596	0.35	0.701
0.986825	0.345016	0.22	0.595
0.999523	0.433017	0.66	0.474
0.999984	0.660056	0.69	0.618
